date,Page.Loads,Unique.Visits,First.Time.Visits,Returning.Visits
9/14/2014,2146,1582,1430,152
9/15/2014,3621,2528,2297,231
9/16/2014,3698,2630,2352,278
9/17/2014,3667,2614,2327,287
9/18/2014,3316,2366,2130,236
9/19/2014,2815,1863,1622,241
9/20/2014,1658,1118,985,133
9/21/2014,2288,1656,1481,175
9/22/2014,3638,2586,2312,274
9/23/2014,4462,3257,2989,268
9/24/2014,4414,3175,2891,284
9/25/2014,4315,3029,2743,286
9/26/2014,3323,2249,2033,216
9/27/2014,1656,1180,1040,140
9/28/2014,2465,1806,1613,193
9/29/2014,4096,2873,2577,296
9/30/2014,4474,3032,2720,312
10/1/2014,4124,2849,2541,308
10/2/2014,3514,2489,2239,250
10/3/2014,3005,2097,1856,241
10/4/2014,2054,1436,1274,162
10/5/2014,2847,1913,1713,200
10/6/2014,4501,3181,2853,328
10/7/2014,4603,3163,2804,359
10/8/2014,4187,3014,2663,351
10/9/2014,4343,2864,2545,319
10/10/2014,3565,2382,2100,282
10/11/2014,2080,1457,1280,177
10/12/2014,3031,2089,1856,233
10/13/2014,4814,3339,2973,366
10/14/2014,5040,3604,3217,387
10/15/2014,5028,3515,3094,421
10/16/2014,4658,3331,2955,376
10/17/2014,3624,2477,2148,329
10/18/2014,2285,1619,1416,203
10/19/2014,3454,2346,2060,286
10/20/2014,5307,3717,3308,409
10/21/2014,5135,3701,3280,421
10/22/2014,5084,3611,3177,434
10/23/2014,4650,3316,2940,376
10/24/2014,3571,2498,2170,328
10/25/2014,2354,1661,1417,244
10/26/2014,3497,2508,2218,290
10/27/2014,5294,3737,3286,451
10/28/2014,4643,3328,2905,423
10/29/2014,4596,3279,2863,416
10/30/2014,4162,3041,2657,384
10/31/2014,2933,2007,1728,279
11/1/2014,2202,1496,1270,226
11/2/2014,3083,2204,1940,264
11/3/2014,4376,3057,2629,428
11/4/2014,4704,3141,2739,402
11/5/2014,4306,3200,2797,403
11/6/2014,4178,3034,2627,407
11/7/2014,3236,2318,1975,343
11/8/2014,2010,1536,1345,191
11/9/2014,2901,2141,1849,292
11/10/2014,4754,3325,2885,440
11/11/2014,4417,3203,2793,410
11/12/2014,4535,3351,2897,454
11/13/2014,4274,3194,2758,436
11/14/2014,3382,2423,2061,362
11/15/2014,2085,1488,1280,208
11/16/2014,3083,2215,1926,289
11/17/2014,4860,3559,3069,490
11/18/2014,4893,3570,3133,437
11/19/2014,4866,3544,3056,488
11/20/2014,4584,3357,2899,458
11/21/2014,3914,2750,2361,389
11/22/2014,2431,1716,1463,253
11/23/2014,3157,2369,2082,287
11/24/2014,5045,3615,3146,469
11/25/2014,4746,3236,2821,415
11/26/2014,4314,2919,2513,406
11/27/2014,3663,2476,2162,314
11/28/2014,3270,2268,1931,337
11/29/2014,2905,1976,1695,281
11/30/2014,4016,2832,2489,343
12/1/2014,5266,3877,3317,560
12/2/2014,5795,4274,3700,574
12/3/2014,5728,4217,3656,561
12/4/2014,5293,3830,3295,535
12/5/2014,3934,2856,2479,377
12/6/2014,3071,2165,1855,310
12/7/2014,3876,2984,2582,402
12/8/2014,5878,4375,3829,546
12/9/2014,5712,4187,3635,552
12/10/2014,5491,4074,3480,594
12/11/2014,5144,3801,3247,554
12/12/2014,3880,2860,2418,442
12/13/2014,2605,1838,1538,300
12/14/2014,3625,2650,2259,391
12/15/2014,4685,3478,3000,478
12/16/2014,4891,3338,2861,477
12/17/2014,4222,3053,2606,447
12/18/2014,3691,2690,2275,415
12/19/2014,2748,1879,1559,320
12/20/2014,1380,1011,836,175
12/21/2014,1474,1054,876,178
12/22/2014,2452,1715,1394,321
12/23/2014,2298,1440,1159,281
12/24/2014,1430,947,772,175
12/25/2014,1002,667,522,145
12/26/2014,1486,1005,808,197
12/27/2014,1345,941,781,160
12/28/2014,1453,948,765,183
12/29/2014,2173,1472,1228,244
12/30/2014,2208,1424,1172,252
12/31/2014,1381,955,773,182
1/1/2015,1265,876,715,161
1/2/2015,1948,1288,1030,258
1/3/2015,1742,1096,946,150
1/4/2015,1896,1409,1186,223
1/5/2015,3033,2062,1706,356
1/6/2015,3445,2327,1942,385
1/7/2015,3423,2384,1991,393
1/8/2015,3319,2272,1922,350
1/9/2015,2783,1941,1663,278
1/10/2015,1952,1240,1066,174
1/11/2015,2245,1611,1391,220
1/12/2015,3928,2518,2125,393
1/13/2015,3810,2621,2239,382
1/14/2015,3931,2656,2229,427
1/15/2015,3523,2457,2069,388
1/16/2015,2943,1928,1640,288
1/17/2015,1751,1237,1052,185
1/18/2015,2491,1762,1541,221
1/19/2015,3766,2665,2271,394
1/20/2015,4194,2852,2423,429
1/21/2015,4038,2916,2482,434
1/22/2015,3891,2702,2334,368
1/23/2015,3111,2181,1897,284
1/24/2015,1946,1414,1239,175
1/25/2015,2802,2010,1740,270
1/26/2015,3892,2841,2466,375
1/27/2015,4172,3003,2592,411
1/28/2015,4464,3280,2862,418
1/29/2015,4377,3143,2679,464
1/30/2015,3734,2514,2129,385
1/31/2015,2262,1657,1443,214
2/1/2015,3050,2122,1825,297
2/2/2015,4794,3366,2867,499
2/3/2015,4936,3423,2922,501
2/4/2015,5016,3500,3023,477
2/5/2015,4489,3170,2753,417
2/6/2015,3505,2468,2075,393
2/7/2015,2264,1679,1437,242
2/8/2015,3314,2435,2100,335
2/9/2015,5095,3619,3125,494
2/10/2015,5525,3793,3272,521
2/11/2015,5074,3689,3190,499
2/12/2015,4571,3319,2810,509
2/13/2015,3570,2664,2253,411
2/14/2015,2182,1565,1323,242
2/15/2015,3265,2277,1935,342
2/16/2015,4670,3297,2826,471
2/17/2015,4764,3452,2957,495
2/18/2015,4943,3526,3026,500
2/19/2015,4790,3307,2811,496
2/20/2015,3604,2621,2241,380
2/21/2015,2455,1823,1569,254
2/22/2015,3650,2690,2329,361
2/23/2015,5463,3975,3433,542
2/24/2015,5884,4112,3542,570
2/25/2015,5615,4019,3432,587
2/26/2015,5289,3747,3186,561
2/27/2015,4434,2969,2486,483
2/28/2015,2665,1977,1694,283
3/1/2015,3907,2906,2519,387
3/2/2015,5308,3778,3222,556
3/3/2015,5773,4025,3490,535
3/4/2015,5585,4060,3457,603
3/5/2015,4783,3582,3049,533
3/6/2015,3893,2707,2259,448
3/7/2015,2917,2048,1723,325
3/8/2015,3353,2468,2104,364
3/9/2015,5400,3824,3246,578
3/10/2015,5395,3926,3350,576
3/11/2015,5229,3859,3263,596
3/12/2015,5371,3784,3204,580
3/13/2015,4185,3045,2559,486
3/14/2015,2724,1988,1675,313
3/15/2015,3590,2620,2196,424
3/16/2015,5367,3771,3192,579
3/17/2015,5440,3968,3387,581
3/18/2015,5465,4043,3458,585
3/19/2015,5318,3813,3262,551
3/20/2015,4225,2916,2462,454
3/21/2015,2687,1975,1667,308
3/22/2015,3791,2786,2388,398
3/23/2015,5661,3949,3331,618
3/24/2015,5759,4081,3487,594
3/25/2015,5599,3983,3378,605
3/26/2015,5103,3755,3184,571
3/27/2015,4313,2946,2446,500
3/28/2015,2971,2011,1651,360
3/29/2015,3662,2693,2285,408
3/30/2015,5635,3985,3386,599
3/31/2015,5581,3963,3359,604
4/1/2015,5329,3761,3170,591
4/2/2015,4553,3214,2710,504
4/3/2015,3423,2404,1988,416
4/4/2015,2708,1807,1512,295
4/5/2015,3306,2266,1895,371
4/6/2015,5203,3692,3133,559
4/7/2015,5712,4104,3456,648
4/8/2015,5601,4015,3401,614
4/9/2015,5486,4063,3430,633
4/10/2015,4178,3213,2697,516
4/11/2015,2878,2153,1835,318
4/12/2015,4169,2903,2447,456
4/13/2015,6372,4485,3787,698
4/14/2015,6240,4391,3698,693
4/15/2015,6170,4409,3723,686
4/16/2015,6071,4275,3586,689
4/17/2015,4682,3307,2741,566
4/18/2015,3208,2291,1894,397
4/19/2015,4310,3144,2669,475
4/20/2015,6435,4694,3929,765
4/21/2015,6299,4455,3769,686
4/22/2015,6360,4512,3797,715
4/23/2015,6349,4360,3664,696
4/24/2015,4660,3387,2845,542
4/25/2015,3354,2420,2035,385
4/26/2015,4371,3189,2688,501
4/27/2015,6534,4731,3977,754
4/28/2015,6832,4941,4161,780
4/29/2015,6689,4870,4110,760
4/30/2015,5849,4086,3450,636
5/1/2015,4247,3064,2562,502
5/2/2015,3219,2360,1958,402
5/3/2015,4211,3210,2765,445
5/4/2015,6424,4752,4043,709
5/5/2015,6223,4520,3818,702
5/6/2015,6551,4768,4059,709
5/7/2015,6343,4449,3770,679
5/8/2015,4696,3366,2824,542
5/9/2015,3134,2239,1846,393
5/10/2015,3868,2844,2365,479
5/11/2015,6020,4482,3787,695
5/12/2015,5705,4160,3490,670
5/13/2015,5752,4016,3348,668
5/14/2015,5181,3605,3008,597
5/15/2015,4269,2913,2404,509
5/16/2015,2633,1818,1473,345
5/17/2015,3336,2376,1988,388
5/18/2015,5127,3587,2955,632
5/19/2015,5449,3767,3149,618
5/20/2015,5746,3956,3371,585
5/21/2015,5115,3642,3046,596
5/22/2015,3995,2749,2243,506
5/23/2015,2618,1884,1585,299
5/24/2015,2961,2117,1763,354
5/25/2015,4090,2913,2427,486
5/26/2015,5201,3637,3073,564
5/27/2015,5321,3797,3146,651
5/28/2015,5219,3509,2887,622
5/29/2015,4017,2804,2338,466
5/30/2015,2297,1629,1346,283
5/31/2015,3145,2226,1860,366
6/1/2015,4905,3419,2797,622
6/2/2015,4747,3284,2701,583
6/3/2015,4591,3317,2713,604
6/4/2015,4431,3173,2652,521
6/5/2015,3608,2523,2068,455
6/6/2015,2422,1673,1336,337
6/7/2015,3132,2145,1790,355
6/8/2015,4962,3377,2788,589
6/9/2015,4881,3469,2862,607
6/10/2015,5001,3425,2786,639
6/11/2015,4635,3242,2614,628
6/12/2015,3545,2494,2066,428
6/13/2015,2262,1490,1235,255
6/14/2015,2866,2034,1692,342
6/15/2015,4692,3261,2682,579
6/16/2015,4602,3204,2660,544
6/17/2015,4620,3101,2556,545
6/18/2015,4475,2955,2386,569
6/19/2015,3564,2422,1954,468
6/20/2015,2071,1370,1129,241
6/21/2015,2659,1840,1523,317
6/22/2015,4338,2963,2410,553
6/23/2015,4531,3139,2566,573
6/24/2015,4498,3022,2481,541
6/25/2015,4128,2730,2210,520
6/26/2015,3132,2153,1721,432
6/27/2015,1829,1264,1067,197
6/28/2015,2149,1517,1224,293
6/29/2015,3975,2691,2169,522
6/30/2015,4046,2718,2180,538
7/1/2015,3897,2745,2266,479
7/2/2015,3871,2540,2072,468
7/3/2015,2630,1716,1353,363
7/4/2015,1602,1104,900,204
7/5/2015,1960,1370,1141,229
7/6/2015,4143,2655,2171,484
7/7/2015,4205,2789,2266,523
7/8/2015,4193,2783,2255,528
7/9/2015,3710,2536,2069,467
7/10/2015,3137,2203,1767,436
7/11/2015,1834,1145,944,201
7/12/2015,2070,1473,1197,276
7/13/2015,4180,2852,2310,542
7/14/2015,4038,2731,2226,505
7/15/2015,3906,2667,2119,548
7/16/2015,3580,2424,1940,484
7/17/2015,2948,2070,1708,362
7/18/2015,1622,1121,924,197
7/19/2015,2179,1480,1214,266
7/20/2015,3906,2615,2146,469
7/21/2015,3745,2596,2071,525
7/22/2015,4212,2761,2205,556
7/23/2015,3901,2595,2095,500
7/24/2015,3292,2207,1785,422
7/25/2015,1819,1229,1016,213
7/26/2015,2068,1562,1286,276
7/27/2015,3991,2805,2243,562
7/28/2015,4073,2862,2361,501
7/29/2015,4069,2825,2324,501
7/30/2015,3716,2629,2126,503
7/31/2015,3380,2120,1709,411
8/1/2015,1737,1197,958,239
8/2/2015,2181,1567,1282,285
8/3/2015,3973,2794,2263,531
8/4/2015,3997,2794,2269,525
8/5/2015,4132,2798,2287,511
8/6/2015,3791,2693,2204,489
8/7/2015,2968,2139,1738,401
8/8/2015,1752,1266,1021,245
8/9/2015,2070,1497,1231,266
8/10/2015,3920,2684,2139,545
8/11/2015,4106,2791,2266,525
8/12/2015,4006,2726,2166,560
8/13/2015,3827,2639,2133,506
8/14/2015,2944,1973,1564,409
8/15/2015,1827,1193,954,239
8/16/2015,2373,1658,1369,289
8/17/2015,4031,2763,2290,473
8/18/2015,4027,2780,2248,532
8/19/2015,3912,2795,2291,504
8/20/2015,3867,2715,2191,524
8/21/2015,3304,2238,1806,432
8/22/2015,1685,1208,1011,197
8/23/2015,2130,1542,1282,260
8/24/2015,3936,2697,2182,515
8/25/2015,4029,2744,2203,541
8/26/2015,4010,2789,2237,552
8/27/2015,4027,2890,2392,498
8/28/2015,2829,2000,1585,415
8/29/2015,1736,1227,1023,204
8/30/2015,2517,1686,1416,270
8/31/2015,4029,2769,2299,470
9/1/2015,4261,2890,2358,532
9/2/2015,4058,2923,2442,481
9/3/2015,4392,3007,2466,541
9/4/2015,3072,2221,1846,375
9/5/2015,1799,1284,1068,216
9/6/2015,2341,1611,1345,266
9/7/2015,3330,2354,1963,391
9/8/2015,4734,3381,2833,548
9/9/2015,4801,3381,2845,536
9/10/2015,4399,3079,2575,504
9/11/2015,3275,2375,1958,417
9/12/2015,2042,1429,1223,206
9/13/2015,2827,2103,1844,259
9/14/2015,4836,3437,2954,483
9/15/2015,4840,3465,2944,521
9/16/2015,4504,3356,2902,454
9/17/2015,4379,3240,2736,504
9/18/2015,3391,2428,2024,404
9/19/2015,2045,1513,1278,235
9/20/2015,2721,2081,1817,264
9/21/2015,4630,3535,2998,537
9/22/2015,4748,3540,3004,536
9/23/2015,4702,3377,2893,484
9/24/2015,4440,3309,2827,482
9/25/2015,3513,2518,2116,402
9/26/2015,2253,1633,1395,238
9/27/2015,3141,2291,1980,311
9/28/2015,5122,3808,3289,519
9/29/2015,5151,3868,3305,563
9/30/2015,4969,3703,3182,521
10/1/2015,4619,3365,2876,489
10/2/2015,3443,2598,2196,402
10/3/2015,2302,1754,1503,251
10/4/2015,3291,2506,2173,333
10/5/2015,5206,3737,3170,567
10/6/2015,5474,3940,3337,603
10/7/2015,5400,3934,3350,584
10/8/2015,5334,3821,3244,577
10/9/2015,4174,3022,2547,475
10/10/2015,2571,1853,1597,256
10/11/2015,3572,2636,2283,353
10/12/2015,5018,3788,3241,547
10/13/2015,5565,4159,3536,623
10/14/2015,5420,4048,3403,645
10/15/2015,5366,3908,3331,577
10/16/2015,4091,3002,2507,495
10/17/2015,2824,2087,1770,317
10/18/2015,3843,2825,2441,384
10/19/2015,5516,4140,3491,649
10/20/2015,5572,4121,3460,661
10/21/2015,5243,3882,3298,584
10/22/2015,5133,3720,3104,616
10/23/2015,4084,2947,2441,506
10/24/2015,2739,1978,1647,331
10/25/2015,3781,2857,2435,422
10/26/2015,5684,4073,3417,656
10/27/2015,5687,4179,3534,645
10/28/2015,5906,4266,3614,652
10/29/2015,5541,4020,3368,652
10/30/2015,4171,3043,2501,542
10/31/2015,2586,1820,1496,324
11/1/2015,3838,2922,2456,466
11/2/2015,5675,4076,3419,657
11/3/2015,5624,4178,3504,674
11/4/2015,5794,4316,3670,646
11/5/2015,5389,4031,3379,652
11/6/2015,4305,3047,2522,525
11/7/2015,3281,2202,1854,348
11/8/2015,3790,2837,2418,419
11/9/2015,5894,4203,3487,716
11/10/2015,5461,4048,3388,660
11/11/2015,5206,3869,3219,650
11/12/2015,5228,3929,3281,648
11/13/2015,4097,2971,2436,535
11/14/2015,2694,1964,1616,348
11/15/2015,3893,2930,2483,447
11/16/2015,6185,4550,3872,678
11/17/2015,6178,4503,3795,708
11/18/2015,6067,4397,3693,704
11/19/2015,5656,4166,3487,679
11/20/2015,4398,3173,2645,528
11/21/2015,2836,2086,1741,345
11/22/2015,3896,2927,2424,503
11/23/2015,5814,4236,3543,693
11/24/2015,5879,4140,3475,665
11/25/2015,4800,3457,2836,621
11/26/2015,3838,2825,2334,491
11/27/2015,3576,2579,2118,461
11/28/2015,2799,1974,1652,322
11/29/2015,4228,3127,2605,522
11/30/2015,6331,4570,3817,753
12/1/2015,6380,4743,4027,716
12/2/2015,6314,4829,4039,790
12/3/2015,6160,4584,3835,749
12/4/2015,4859,3615,2995,620
12/5/2015,3317,2468,2040,428
12/6/2015,4715,3550,2972,578
12/7/2015,6940,5136,4303,833
12/8/2015,6551,4866,4068,798
12/9/2015,6327,4761,3961,800
12/10/2015,6212,4578,3830,748
12/11/2015,4687,3388,2771,617
12/12/2015,3014,2283,1856,427
12/13/2015,4132,3064,2548,516
12/14/2015,5989,4330,3606,724
12/15/2015,5331,3967,3309,658
12/16/2015,5183,3665,3025,640
12/17/2015,4769,3515,2917,598
12/18/2015,3627,2518,2071,447
12/19/2015,1857,1319,1087,232
12/20/2015,2221,1489,1204,285
12/21/2015,3335,2335,1906,429
12/22/2015,2883,2047,1639,408
12/23/2015,2353,1621,1312,309
12/24/2015,1578,1099,886,213
12/25/2015,1017,724,586,138
12/26/2015,1334,936,760,176
12/27/2015,1690,1155,947,208
12/28/2015,2838,1829,1474,355
12/29/2015,2815,1786,1419,367
12/30/2015,2382,1618,1292,326
12/31/2015,1587,1035,809,226
1/1/2016,1411,960,786,174
1/2/2016,1838,1197,969,228
1/3/2016,2180,1562,1279,283
1/4/2016,3587,2494,2037,457
1/5/2016,3855,2742,2230,512
1/6/2016,3840,2628,2127,501
1/7/2016,3735,2746,2258,488
1/8/2016,3223,2286,1860,426
1/9/2016,2207,1531,1280,251
1/10/2016,2814,2000,1661,339
1/11/2016,4007,2976,2444,532
1/12/2016,4119,2961,2385,576
1/13/2016,4338,3164,2631,533
1/14/2016,4432,2962,2418,544
1/15/2016,3306,2349,1866,483
1/16/2016,2223,1557,1262,295
1/17/2016,2757,2002,1635,367
1/18/2016,4047,2898,2373,525
1/19/2016,4489,3190,2566,624
1/20/2016,4588,3232,2656,576
1/21/2016,4398,3106,2561,545
1/22/2016,3340,2455,1990,465
1/23/2016,2344,1639,1338,301
1/24/2016,2973,2094,1736,358
1/25/2016,4638,3205,2649,556
1/26/2016,4791,3409,2834,575
1/27/2016,5104,3768,3197,571
1/28/2016,4621,3439,2876,563
1/29/2016,3831,2715,2232,483
1/30/2016,2295,1690,1400,290
1/31/2016,3235,2462,2050,412
2/1/2016,4918,3640,3060,580
2/2/2016,5127,3783,3195,588
2/3/2016,4794,3575,2999,576
2/4/2016,4788,3420,2848,572
2/5/2016,3948,2727,2256,471
2/6/2016,2383,1765,1477,288
2/7/2016,2950,2231,1839,392
2/8/2016,4905,3592,3024,568
2/9/2016,5353,3931,3299,632
2/10/2016,5492,4007,3358,649
2/11/2016,5052,3628,3019,609
2/12/2016,3764,2807,2300,507
2/13/2016,2458,1788,1459,329
2/14/2016,3098,2277,1866,411
2/15/2016,4951,3652,3039,613
2/16/2016,5495,4000,3304,696
2/17/2016,5505,4062,3375,687
2/18/2016,5188,3812,3156,656
2/19/2016,4002,2932,2377,555
2/20/2016,2607,1888,1537,351
2/21/2016,3906,2838,2355,483
2/22/2016,6360,4432,3684,748
2/23/2016,6046,4460,3714,746
2/24/2016,5938,4309,3499,810
2/25/2016,5325,3892,3199,693
2/26/2016,4165,3048,2490,558
2/27/2016,2829,2096,1726,370
2/28/2016,4090,2979,2462,517
2/29/2016,5734,4224,3493,731
3/1/2016,6214,4474,3731,743
3/2/2016,5906,4333,3597,736
3/3/2016,5814,4191,3419,772
3/4/2016,4507,3188,2624,564
3/5/2016,2859,2064,1718,346
3/6/2016,3897,2806,2326,480
3/7/2016,5849,4240,3503,737
3/8/2016,6264,4526,3743,783
3/9/2016,6062,4404,3624,780
3/10/2016,5685,4159,3415,744
3/11/2016,4391,3241,2627,614
3/12/2016,2880,2046,1638,408
3/13/2016,3740,2673,2163,510
3/14/2016,5710,4261,3469,792
3/15/2016,5168,3778,3047,731
3/16/2016,5577,4062,3287,775
3/17/2016,5238,3827,3134,693
3/18/2016,3931,2871,2320,551
3/19/2016,2606,1892,1568,324
3/20/2016,3149,2410,2028,382
3/21/2016,5565,3968,3274,694
3/22/2016,5281,3770,3035,735
3/23/2016,5202,3780,3146,634
3/24/2016,4581,3203,2649,554
3/25/2016,3264,2281,1847,434
3/26/2016,2344,1759,1393,366
3/27/2016,3112,2311,1890,421
3/28/2016,5051,3655,2985,670
3/29/2016,5333,3944,3217,727
3/30/2016,5671,4078,3369,709
3/31/2016,5097,3707,3026,681
4/1/2016,4555,2971,2408,563
4/2/2016,2987,2129,1737,392
4/3/2016,4257,2964,2421,543
4/4/2016,5804,4216,3426,790
4/5/2016,5885,4379,3597,782
4/6/2016,6054,4293,3522,771
4/7/2016,5791,4147,3422,725
4/8/2016,4741,3430,2820,610
4/9/2016,2946,2140,1740,400
4/10/2016,4071,2864,2330,534
4/11/2016,6265,4503,3667,836
4/12/2016,6298,4626,3769,857
4/13/2016,6495,4628,3791,837
4/14/2016,5536,4189,3431,758
4/15/2016,4737,3447,2785,662
4/16/2016,3232,2333,1862,471
4/17/2016,4201,3093,2504,589
4/18/2016,6806,4769,3920,849
4/19/2016,6769,4817,3940,877
4/20/2016,6581,4824,3926,898
4/21/2016,6254,4537,3707,830
4/22/2016,5163,3685,3009,676
4/23/2016,3851,2595,2113,482
4/24/2016,4695,3386,2761,625
4/25/2016,7098,5224,4237,987
4/26/2016,7156,5392,4468,924
4/27/2016,6836,5056,4130,926
4/28/2016,6329,4724,3892,832
4/29/2016,4990,3608,2922,686
4/30/2016,3536,2489,1993,496
5/1/2016,4366,3236,2605,631
5/2/2016,6510,4786,3909,877
5/3/2016,6855,4962,4085,877
5/4/2016,6599,4651,3744,907
5/5/2016,5510,4105,3375,730
5/6/2016,4549,3245,2639,606
5/7/2016,3064,2167,1760,407
5/8/2016,3633,2663,2180,483
5/9/2016,5838,4283,3489,794
5/10/2016,6026,4336,3581,755
5/11/2016,5780,4226,3479,747
5/12/2016,5131,3781,3101,680
5/13/2016,3928,2845,2294,551
5/14/2016,2636,1930,1552,378
5/15/2016,3278,2366,1922,444
5/16/2016,4785,3560,2882,678
5/17/2016,4886,3601,2914,687
5/18/2016,5145,3672,2987,685
5/19/2016,5849,4211,3484,727
5/20/2016,4456,3324,2725,599
5/21/2016,2960,2138,1716,422
5/22/2016,3885,2860,2338,522
5/23/2016,5857,4155,3368,787
5/24/2016,6162,4345,3526,819
5/25/2016,6014,4254,3398,856
5/26/2016,5652,4119,3385,734
5/27/2016,4793,3340,2692,648
5/28/2016,2819,1995,1611,384
5/29/2016,3687,2546,2067,479
5/30/2016,4851,3399,2701,698
5/31/2016,5775,4216,3413,803
6/1/2016,5443,3962,3193,769
6/2/2016,5590,3959,3176,783
6/3/2016,4482,3164,2489,675
6/4/2016,2792,1947,1533,414
6/5/2016,3371,2449,1979,470
6/6/2016,5547,3832,3036,796
6/7/2016,5468,3954,3226,728
6/8/2016,5104,3751,3064,687
6/9/2016,4728,3485,2812,673
6/10/2016,4024,2855,2290,565
6/11/2016,2350,1677,1348,329
6/12/2016,3234,2196,1779,417
6/13/2016,4948,3550,2790,760
6/14/2016,5247,3760,3052,708
6/15/2016,5003,3557,2810,747
6/16/2016,4816,3482,2775,707
6/17/2016,4208,2818,2267,551
6/18/2016,2454,1668,1357,311
6/19/2016,2763,1919,1506,413
6/20/2016,4954,3522,2829,693
6/21/2016,4903,3470,2793,677
6/22/2016,4907,3464,2772,692
6/23/2016,4625,3336,2669,667
6/24/2016,3497,2482,1947,535
6/25/2016,1826,1358,1101,257
6/26/2016,2307,1721,1356,365
6/27/2016,4368,3078,2433,645
6/28/2016,4233,3091,2466,625
6/29/2016,4187,2948,2377,571
6/30/2016,3811,2726,2135,591
7/1/2016,3179,2226,1730,496
7/2/2016,1615,1039,814,225
7/3/2016,1788,1307,1028,279
7/4/2016,2959,2144,1653,491
7/5/2016,3947,2840,2235,605
7/6/2016,3841,2821,2248,573
7/7/2016,3729,2700,2148,552
7/8/2016,3324,2381,1891,490
7/9/2016,1795,1305,1036,269
7/10/2016,2373,1655,1321,334
7/11/2016,4101,2855,2208,647
7/12/2016,4241,2960,2352,608
7/13/2016,4478,3189,2578,611
7/14/2016,3961,2814,2214,600
7/15/2016,3367,2325,1796,529
7/16/2016,1828,1222,951,271
7/17/2016,2344,1636,1319,317
7/18/2016,4415,3007,2382,625
7/19/2016,4403,3151,2502,649
7/20/2016,4244,3082,2450,632
7/21/2016,4322,3077,2404,673
7/22/2016,3456,2431,1936,495
7/23/2016,2068,1407,1099,308
7/24/2016,2568,1755,1374,381
7/25/2016,4770,3320,2628,692
7/26/2016,4621,3277,2595,682
7/27/2016,4470,3164,2513,651
7/28/2016,4307,3077,2459,618
7/29/2016,3370,2366,1818,548
7/30/2016,1960,1341,1017,324
7/31/2016,2412,1765,1423,342
8/1/2016,4504,3095,2489,606
8/2/2016,4382,3138,2499,639
8/3/2016,4710,3369,2697,672
8/4/2016,4324,3106,2479,627
8/5/2016,3472,2497,1980,517
8/6/2016,1909,1339,1081,258
8/7/2016,2365,1688,1334,354
8/8/2016,4460,3056,2438,618
8/9/2016,4479,3135,2482,653
8/10/2016,4510,3207,2550,657
8/11/2016,4340,3111,2491,620
8/12/2016,3508,2436,1933,503
8/13/2016,2030,1420,1122,298
8/14/2016,2586,1749,1399,350
8/15/2016,4476,2970,2346,624
8/16/2016,3232,2299,1823,476
8/17/2016,4291,3106,2498,608
8/18/2016,4247,2926,2327,599
8/19/2016,3477,2539,2045,494
8/20/2016,2169,1470,1169,301
8/21/2016,2430,1808,1453,355
8/22/2016,4358,3082,2439,643
8/23/2016,4465,3249,2550,699
8/24/2016,4550,3210,2615,595
8/25/2016,4147,3011,2380,631
8/26/2016,3634,2532,2000,532
8/27/2016,2014,1430,1141,289
8/28/2016,2687,1910,1555,355
8/29/2016,4376,3115,2521,594
8/30/2016,4318,3226,2622,604
8/31/2016,4441,3219,2620,599
9/1/2016,4234,3116,2556,560
9/2/2016,3027,2230,1762,468
9/3/2016,1966,1376,1101,275
9/4/2016,2446,1761,1452,309
9/5/2016,3779,2643,2145,498
9/6/2016,4619,3341,2727,614
9/7/2016,4983,3584,2925,659
9/8/2016,4645,3319,2716,603
9/9/2016,3612,2630,2139,491
9/10/2016,2153,1577,1323,254
9/11/2016,3089,2307,1978,329
9/12/2016,4580,3446,2882,564
9/13/2016,4788,3625,2992,633
9/14/2016,5095,3759,3113,646
9/15/2016,4668,3454,2860,594
9/16/2016,3711,2785,2272,513
9/17/2016,2523,1861,1577,284
9/18/2016,3364,2547,2122,425
9/19/2016,5513,4050,3321,729
9/20/2016,5362,3762,3095,667
9/21/2016,5402,3987,3293,694
9/22/2016,5398,3996,3299,697
9/23/2016,3783,2663,2134,529
9/24/2016,2395,1797,1503,294
9/25/2016,3679,2719,2289,430
9/26/2016,5688,4325,3570,755
9/27/2016,5842,4382,3645,737
9/28/2016,5923,4458,3682,776
9/29/2016,5717,4222,3487,735
9/30/2016,4250,3176,2565,611
10/1/2016,2525,1986,1656,330
10/2/2016,3923,3023,2559,464
10/3/2016,5785,4281,3545,736
10/4/2016,6052,4522,3780,742
10/5/2016,6150,4588,3814,774
10/6/2016,5591,4134,3419,715
10/7/2016,4279,3196,2616,580
10/8/2016,2897,2066,1717,349
10/9/2016,3904,2873,2374,499
10/10/2016,5458,4145,3442,703
10/11/2016,5909,4399,3685,714
10/12/2016,6175,4620,3823,797
10/13/2016,5856,4422,3581,841
10/14/2016,4610,3505,2837,668
10/15/2016,3081,2269,1864,405
10/16/2016,4390,3265,2718,547
10/17/2016,6507,4917,4018,899
10/18/2016,6941,5103,4189,914
10/19/2016,6576,4776,3961,815
10/20/2016,5985,4462,3701,761
10/21/2016,4789,3497,2840,657
10/22/2016,3263,2292,1881,411
10/23/2016,4180,3135,2561,574
10/24/2016,6371,4865,3993,872
10/25/2016,6648,4960,4070,890
10/26/2016,6501,4777,3880,897
10/27/2016,6088,4431,3574,857
10/28/2016,4376,3179,2510,669
10/29/2016,2733,1955,1549,406
10/30/2016,3953,2921,2344,577
10/31/2016,6108,4416,3563,853
11/1/2016,5668,4185,3360,825
11/2/2016,6159,4508,3663,845
11/3/2016,5810,4241,3426,815
11/4/2016,4491,3394,2670,724
11/5/2016,3110,2263,1842,421
11/6/2016,4418,3281,2713,568
11/7/2016,6529,4488,3573,915
11/8/2016,5756,4251,3437,814
11/9/2016,5716,4102,3315,787
11/10/2016,5323,4022,3246,776
11/11/2016,4280,3085,2441,644
11/12/2016,2982,2169,1777,392
11/13/2016,4365,3172,2595,577
11/14/2016,6627,4888,3942,946
11/15/2016,6467,4808,3905,903
11/16/2016,6631,4903,3984,919
11/17/2016,6378,4681,3779,902
11/18/2016,4767,3424,2734,690
11/19/2016,3501,2580,2136,444
11/20/2016,4647,3426,2777,649
11/21/2016,6336,4693,3788,905
11/22/2016,6222,4564,3646,918
11/23/2016,5527,3904,3082,822
11/24/2016,4267,3197,2561,636
11/25/2016,3733,2678,2135,543
11/26/2016,3299,2394,1907,487
11/27/2016,4530,3396,2722,674
11/28/2016,6908,5047,4167,880
11/29/2016,7714,5338,4369,969
11/30/2016,7490,5425,4389,1036
12/1/2016,7190,5081,4120,961
12/2/2016,5391,3977,3171,806
12/3/2016,3575,2667,2178,489
12/4/2016,5285,4031,3247,784
12/5/2016,7330,5439,4452,987
12/6/2016,7489,5479,4500,979
12/7/2016,7345,5467,4469,998
12/8/2016,6679,4991,3998,993
12/9/2016,5403,3970,3190,780
12/10/2016,3573,2712,2203,509
12/11/2016,4834,3515,2838,677
12/12/2016,6905,4945,3988,957
12/13/2016,6743,4927,3942,985
12/14/2016,6201,4488,3593,895
12/15/2016,5571,4071,3229,842
12/16/2016,3872,2780,2191,589
12/17/2016,2613,1884,1480,404
12/18/2016,3109,2293,1853,440
12/19/2016,4324,3145,2477,668
12/20/2016,4226,3064,2339,725
12/21/2016,3991,2914,2278,636
12/22/2016,3160,2211,1728,483
12/23/2016,2386,1626,1257,369
12/24/2016,1115,825,634,191
12/25/2016,1387,930,740,190
12/26/2016,2147,1418,1142,276
12/27/2016,2686,1777,1349,428
12/28/2016,2885,1915,1476,439
12/29/2016,2694,1837,1400,437
12/30/2016,2273,1541,1164,377
12/31/2016,1188,836,643,193
1/1/2017,1447,1039,832,207
1/2/2017,2568,1844,1448,396
1/3/2017,3566,2527,1970,557
1/4/2017,3941,2816,2226,590
1/5/2017,3841,2625,2058,567
1/6/2017,3261,2338,1812,526
1/7/2017,2241,1523,1204,319
1/8/2017,2679,1892,1519,373
1/9/2017,4182,2841,2191,650
1/10/2017,4236,3039,2391,648
1/11/2017,4628,3206,2536,670
1/12/2017,4205,3025,2403,622
1/13/2017,3459,2508,2033,475
1/14/2017,2448,1744,1390,354
1/15/2017,2853,2015,1586,429
1/16/2017,4638,3178,2543,635
1/17/2017,5325,3669,2942,727
1/18/2017,4866,3364,2670,694
1/19/2017,4715,3375,2689,686
1/20/2017,3753,2713,2136,577
1/21/2017,2481,1778,1437,341
1/22/2017,3233,2401,1981,420
1/23/2017,5034,3660,2957,703
1/24/2017,4787,3593,2909,684
1/25/2017,4901,3602,2923,679
1/26/2017,4398,3266,2653,613
1/27/2017,3823,2832,2267,565
1/28/2017,2619,1901,1534,367
1/29/2017,3518,2612,2205,407
1/30/2017,5178,3826,3127,699
1/31/2017,5290,3876,3127,749
2/1/2017,5469,4116,3402,714
2/2/2017,5399,4028,3303,725
2/3/2017,4232,3012,2342,670
2/4/2017,2828,2084,1697,387
2/5/2017,3724,2783,2281,502
2/6/2017,5733,4249,3448,801
2/7/2017,5814,4284,3521,763
2/8/2017,5349,4006,3248,758
2/9/2017,5025,3681,3010,671
2/10/2017,4044,2922,2335,587
2/11/2017,2323,1731,1377,354
2/12/2017,3147,2469,2005,464
2/13/2017,4972,3719,3014,705
2/14/2017,4878,3582,2897,685
2/15/2017,5288,3786,3039,747
2/16/2017,4968,3668,2934,734
2/17/2017,3788,2748,2158,590
2/18/2017,2514,1839,1496,343
2/19/2017,3463,2602,2083,519
2/20/2017,4931,3700,3009,691
2/21/2017,5101,3873,3079,794
2/22/2017,5144,3727,2998,729
2/23/2017,4433,3372,2657,715
2/24/2017,3597,2648,2111,537
2/25/2017,2621,1826,1482,344
2/26/2017,3397,2494,2021,473
2/27/2017,5062,3812,3009,803
2/28/2017,4926,3678,2933,745
3/1/2017,4936,3558,2822,736
3/2/2017,4688,3441,2747,694
3/3/2017,3827,2699,2140,559
3/4/2017,2452,1754,1408,346
3/5/2017,3283,2394,1958,436
3/6/2017,4823,3481,2764,717
3/7/2017,4821,3662,2942,720
3/8/2017,5059,3613,2923,690
3/9/2017,4585,3444,2744,700
3/10/2017,3682,2733,2178,555
3/11/2017,2350,1714,1351,363
3/12/2017,3056,2189,1755,434
3/13/2017,4746,3367,2721,646
3/14/2017,4613,3465,2808,657
3/15/2017,4560,3441,2694,747
3/16/2017,4520,3304,2629,675
3/17/2017,3346,2433,1930,503
3/18/2017,2253,1649,1325,324
3/19/2017,2927,2267,1807,460
3/20/2017,4878,3463,2799,664
3/21/2017,4852,3481,2802,679
3/22/2017,4585,3430,2757,673
3/23/2017,4477,3260,2600,660
3/24/2017,3654,2566,1993,573
3/25/2017,2411,1760,1420,340
3/26/2017,3054,2336,1882,454
3/27/2017,4696,3479,2765,714
3/28/2017,5033,3633,2875,758
3/29/2017,4948,3530,2809,721
3/30/2017,4636,3390,2704,686
3/31/2017,3539,2636,2060,576
4/1/2017,2371,1678,1338,340
4/2/2017,2816,2159,1715,444
4/3/2017,4493,3356,2672,684
4/4/2017,4678,3486,2739,747
4/5/2017,4737,3484,2762,722
4/6/2017,4775,3514,2806,708
4/7/2017,3658,2725,2181,544
4/8/2017,2260,1664,1324,340
4/9/2017,3343,2433,1933,500
4/10/2017,4640,3440,2756,684
4/11/2017,4694,3532,2867,665
4/12/2017,4771,3517,2800,717
4/13/2017,4173,3017,2395,622
4/14/2017,3046,2238,1752,486
4/15/2017,2260,1701,1333,368
4/16/2017,2876,2143,1700,443
4/17/2017,4774,3402,2719,683
4/18/2017,5009,3702,2906,796
4/19/2017,5369,3852,3133,719
4/20/2017,5020,3669,2969,700
4/21/2017,3935,2802,2203,599
4/22/2017,2795,2049,1630,419
4/23/2017,3795,2827,2305,522
4/24/2017,5489,4083,3252,831
4/25/2017,5680,4108,3336,772
4/26/2017,5383,3940,3205,735
4/27/2017,4890,3695,2985,710
4/28/2017,3872,2887,2310,577
4/29/2017,2790,1987,1602,385
4/30/2017,3524,2616,2118,498
5/1/2017,4903,3551,2875,676
5/2/2017,5160,3802,3079,723
5/3/2017,5194,3766,2995,771
5/4/2017,5142,3755,3013,742
5/5/2017,3836,2925,2323,602
5/6/2017,2737,1981,1572,409
5/7/2017,3386,2534,2025,509
5/8/2017,4816,3585,2900,685
5/9/2017,4734,3458,2763,695
5/10/2017,4761,3475,2754,721
5/11/2017,4277,3224,2570,654
5/12/2017,3563,2620,2056,564
5/13/2017,2401,1749,1379,370
5/14/2017,2877,2126,1674,452
5/15/2017,4448,3191,2494,697
5/16/2017,4525,3226,2593,633
5/17/2017,4533,3318,2676,642
5/18/2017,4431,3307,2686,621
5/19/2017,3456,2470,1938,532
5/20/2017,2162,1651,1332,319
5/21/2017,2786,1971,1597,374
5/22/2017,4172,3041,2403,638
5/23/2017,4255,3077,2457,620
5/24/2017,4154,2996,2400,596
5/25/2017,3803,2839,2263,576
5/26/2017,2950,2183,1720,463
5/27/2017,1909,1444,1155,289
5/28/2017,2506,1781,1399,382
5/29/2017,3325,2457,1913,544
5/30/2017,4086,2909,2298,611
5/31/2017,3716,2667,2069,598
6/1/2017,3702,2639,2103,536
6/2/2017,2959,2171,1680,491
6/3/2017,2006,1471,1161,310
6/4/2017,2479,1795,1419,376
6/5/2017,3501,2610,2072,538
6/6/2017,3985,2922,2361,561
6/7/2017,3920,2913,2314,599
6/8/2017,3868,2796,2209,587
6/9/2017,2921,2101,1660,441
6/10/2017,1655,1244,975,269
6/11/2017,2229,1622,1299,323
6/12/2017,3660,2598,2020,578
6/13/2017,3898,2809,2202,607
6/14/2017,3912,2797,2200,597
6/15/2017,3604,2624,2029,595
6/16/2017,2970,2105,1621,484
6/17/2017,1546,1187,957,230
6/18/2017,1944,1465,1146,319
6/19/2017,3608,2493,1959,534
6/20/2017,3514,2472,1905,567
6/21/2017,3344,2475,1915,560
6/22/2017,3292,2351,1824,527
6/23/2017,2469,1850,1445,405
6/24/2017,1296,925,702,223
6/25/2017,1546,1071,811,260
6/26/2017,2948,1998,1528,470
6/27/2017,3077,2190,1690,500
6/28/2017,3028,2145,1649,496
6/29/2017,2738,1976,1474,502
6/30/2017,2147,1478,1087,391
7/1/2017,1277,903,675,228
7/2/2017,1606,1142,879,263
7/3/2017,2504,1726,1296,430
7/4/2017,2218,1566,1217,349
7/5/2017,3024,2149,1681,468
7/6/2017,2951,2047,1555,492
7/7/2017,2401,1693,1310,383
7/8/2017,1242,891,700,191
7/9/2017,1511,1172,938,234
7/10/2017,2934,2062,1619,443
7/11/2017,3003,2140,1663,477
7/12/2017,3073,2192,1710,482
7/13/2017,2933,2043,1550,493
7/14/2017,2468,1710,1287,423
7/15/2017,1355,892,689,203
7/16/2017,1553,1122,891,231
7/17/2017,2902,1954,1479,475
7/18/2017,2899,2109,1591,518
7/19/2017,2986,2032,1584,448
7/20/2017,2964,2031,1571,460
7/21/2017,2433,1609,1214,395
7/22/2017,1280,923,725,198
7/23/2017,1603,1170,909,261
7/24/2017,3154,2214,1726,488
7/25/2017,3084,2148,1666,482
7/26/2017,2983,1925,1490,435
7/27/2017,2849,1908,1440,468
7/28/2017,2420,1538,1150,388
7/29/2017,1300,895,712,183
7/30/2017,1526,1112,863,249
7/31/2017,2872,1978,1481,497
8/1/2017,2914,1957,1463,494
8/2/2017,2843,1994,1536,458
8/3/2017,2649,1894,1447,447
8/4/2017,2042,1478,1150,328
8/5/2017,1225,901,681,220
8/6/2017,1562,1045,792,253
8/7/2017,2751,1823,1398,425
8/8/2017,2634,1868,1415,453
8/9/2017,2704,1961,1511,450
8/10/2017,2670,1864,1463,401
8/11/2017,2073,1498,1121,377
8/12/2017,1240,888,669,219
8/13/2017,1530,1076,811,265
8/14/2017,2392,1704,1346,358
8/15/2017,2675,1846,1471,375
8/16/2017,2755,1911,1436,475
8/17/2017,2608,1824,1421,403
8/18/2017,2163,1521,1163,358
8/19/2017,1304,951,743,208
8/20/2017,1969,1419,1156,263
8/21/2017,2985,2069,1575,494
8/22/2017,3087,2259,1772,487
8/23/2017,3047,2147,1704,443
8/24/2017,2961,2026,1600,426
8/25/2017,2293,1589,1257,332
8/26/2017,1261,934,751,183
8/27/2017,1676,1211,983,228
8/28/2017,1786,1287,1005,282
8/29/2017,3252,2310,1845,465
8/30/2017,3082,2179,1741,438
8/31/2017,2721,1963,1579,384
9/1/2017,2217,1583,1235,348
9/2/2017,1271,908,730,178
9/3/2017,1742,1197,958,239
9/4/2017,2293,1704,1380,324
9/5/2017,3155,2289,1818,471
9/6/2017,3159,2320,1882,438
9/7/2017,3054,2243,1777,466
9/8/2017,2440,1848,1488,360
9/9/2017,1532,1108,924,184
9/10/2017,2247,1657,1366,291
9/11/2017,3570,2496,2033,463
9/12/2017,3524,2540,2075,465
9/13/2017,3471,2473,2040,433
9/14/2017,3303,2415,1974,441
9/15/2017,2560,1867,1519,348
9/16/2017,1470,1090,912,178
9/17/2017,2234,1715,1446,269
9/18/2017,3504,2596,2123,473
9/19/2017,3984,2840,2382,458
9/20/2017,3746,2660,2188,472
9/21/2017,3524,2667,2143,524
9/22/2017,2639,1944,1591,353
9/23/2017,1523,1178,975,203
9/24/2017,2425,1809,1521,288
9/25/2017,3671,2705,2202,503
9/26/2017,3669,2780,2306,474
9/27/2017,3537,2657,2211,446
9/28/2017,3413,2507,2048,459
9/29/2017,2699,1902,1554,348
9/30/2017,1829,1289,1058,231
10/1/2017,2379,1812,1507,305
10/2/2017,3637,2669,2221,448
10/3/2017,3775,2787,2253,534
10/4/2017,3572,2731,2245,486
10/5/2017,3605,2695,2230,465
10/6/2017,2774,2078,1670,408
10/7/2017,1780,1354,1106,248
10/8/2017,2469,1884,1571,313
10/9/2017,3881,2869,2348,521
10/10/2017,3767,2785,2296,489
10/11/2017,4082,2924,2335,589
10/12/2017,4047,2768,2240,528
10/13/2017,2877,2114,1706,408
10/14/2017,2073,1559,1298,261
10/15/2017,2759,2066,1739,327
10/16/2017,3817,2880,2344,536
10/17/2017,3949,2930,2402,528
10/18/2017,3867,2896,2395,501
10/19/2017,3621,2582,2119,463
10/20/2017,2978,2220,1772,448
10/21/2017,1992,1434,1158,276
10/22/2017,2851,2142,1779,363
10/23/2017,4390,3177,2651,526
10/24/2017,3886,2938,2406,532
10/25/2017,3424,2477,2017,460
10/26/2017,4207,3087,2561,526
10/27/2017,3345,2478,1984,494
10/28/2017,2128,1567,1277,290
10/29/2017,2205,1637,1319,318
10/30/2017,4091,2999,2453,546
10/31/2017,4223,3143,2555,588
11/1/2017,4361,3147,2554,593
11/2/2017,4263,3103,2513,590
11/3/2017,3341,2397,1903,494
11/4/2017,2278,1634,1307,327
11/5/2017,3097,2299,1888,411
11/6/2017,4185,3113,2538,575
11/7/2017,4477,3341,2689,652
11/8/2017,4354,3227,2579,648
11/9/2017,4194,3005,2401,604
11/10/2017,3240,2319,1833,486
11/11/2017,2424,1613,1283,330
11/12/2017,3168,2309,1853,456
11/13/2017,4709,3433,2784,649
11/14/2017,4634,3373,2727,646
11/15/2017,4545,3345,2681,664
11/16/2017,4532,3332,2693,639
11/17/2017,3317,2508,2018,490
11/18/2017,2449,1741,1386,355
11/19/2017,2893,2231,1780,451
11/20/2017,4170,3135,2555,580
11/21/2017,4277,3026,2419,607
11/22/2017,3588,2625,2078,547
11/23/2017,3141,2237,1760,477
11/24/2017,2658,1843,1429,414
11/25/2017,2391,1652,1327,325
11/26/2017,3202,2354,1901,453
11/27/2017,4349,3251,2601,650
11/28/2017,4886,3660,2968,692
11/29/2017,4555,3484,2824,660
11/30/2017,4477,3134,2530,604
12/1/2017,3577,2603,2056,547
12/2/2017,2430,1827,1461,366
12/3/2017,3449,2504,2006,498
12/4/2017,4955,3673,3019,654
12/5/2017,4475,3435,2775,660
12/6/2017,4595,3452,2766,686
12/7/2017,4451,3199,2563,636
12/8/2017,3418,2549,2037,512
12/9/2017,2605,1944,1572,372
12/10/2017,3483,2607,2102,505
12/11/2017,4651,3350,2656,694
12/12/2017,4029,3011,2351,660
12/13/2017,4282,3205,2609,596
12/14/2017,4138,2930,2315,615
12/15/2017,4130,2803,2211,592
12/16/2017,2581,1761,1429,332
12/17/2017,3355,2300,1876,424
12/18/2017,4482,3109,2491,618
12/19/2017,4584,3021,2456,565
12/20/2017,4106,2661,2133,528
12/21/2017,3378,2243,1798,445
12/22/2017,2446,1544,1211,333
12/23/2017,1447,958,753,205
12/24/2017,1326,895,696,199
12/25/2017,1609,1015,809,206
12/26/2017,2481,1438,1105,333
12/27/2017,2798,1740,1350,390
12/28/2017,2809,1797,1425,372
12/29/2017,2216,1410,1083,327
12/30/2017,1546,1071,839,232
12/31/2017,1339,923,724,199
1/1/2018,1709,1120,878,242
1/2/2018,3389,2208,1755,453
1/3/2018,3391,2282,1827,455
1/4/2018,3698,2310,1878,432
1/5/2018,3511,2272,1801,471
1/6/2018,2279,1498,1196,302
1/7/2018,2822,1869,1495,374
1/8/2018,4240,2784,2186,598
1/9/2018,4319,2844,2302,542
1/10/2018,4224,2866,2304,562
1/11/2018,3797,2704,2203,501
1/12/2018,3190,2127,1692,435
1/13/2018,1998,1373,1128,245
1/14/2018,2515,1711,1393,318
1/15/2018,3950,2612,2065,547
1/16/2018,4033,2631,2133,498
1/17/2018,4269,2812,2285,527
1/18/2018,4124,2677,2157,520
1/19/2018,3228,2198,1763,435
1/20/2018,2287,1423,1160,263
1/21/2018,2946,1996,1628,368
1/22/2018,4608,3035,2534,501
1/23/2018,4786,3154,2566,588
1/24/2018,4724,3244,2680,564
1/25/2018,4417,2875,2348,527
1/26/2018,3580,2314,1825,489
1/27/2018,2345,1544,1229,315
1/28/2018,3170,2140,1776,364
1/29/2018,4862,3194,2573,621
1/30/2018,4600,3106,2504,602
1/31/2018,4705,3249,2704,545
2/1/2018,4723,3164,2571,593
2/2/2018,3969,2572,2104,468
2/3/2018,2994,2034,1702,332
2/4/2018,3162,2186,1811,375
2/5/2018,4949,3287,2735,552
2/6/2018,5092,3465,2838,627
2/7/2018,4767,3319,2729,590
2/8/2018,4625,3179,2603,576
2/9/2018,3738,2477,2015,462
2/10/2018,2739,1793,1477,316
2/11/2018,3923,2476,2077,399
2/12/2018,5341,3687,3045,642
2/13/2018,5114,3460,2836,624
2/14/2018,4896,3214,2568,646
2/15/2018,4502,3050,2507,543
2/16/2018,3729,2518,2012,506
2/17/2018,2388,1618,1319,299
2/18/2018,3405,2314,1928,386
2/19/2018,5176,3620,2971,649
2/20/2018,5429,3597,2978,619
2/21/2018,5120,3448,2869,579
2/22/2018,4993,3379,2774,605
2/23/2018,4148,2751,2221,530
2/24/2018,2763,1981,1648,333
2/25/2018,3599,2446,2011,435
2/26/2018,5542,3728,3052,676
2/27/2018,5378,3764,3123,641
2/28/2018,5536,3734,3095,639
3/1/2018,4984,3315,2713,602
3/2/2018,4130,2754,2231,523
3/3/2018,2818,1922,1579,343
3/4/2018,3978,2699,2249,450
3/5/2018,5502,3727,3019,708
3/6/2018,5740,3842,3160,682
3/7/2018,5635,3734,3037,697
3/8/2018,5375,3704,3044,660
3/9/2018,4273,3038,2490,548
3/10/2018,3223,2305,1918,387
3/11/2018,3956,2727,2288,439
3/12/2018,5895,4141,3447,694
3/13/2018,6152,4207,3398,809
3/14/2018,5906,4021,3305,716
3/15/2018,6300,4061,3279,782
3/16/2018,4915,3259,2673,586
3/17/2018,3218,2161,1818,343
3/18/2018,4429,2919,2435,484
3/19/2018,5739,4038,3316,722
3/20/2018,6220,4292,3553,739
3/21/2018,6238,4163,3396,767
3/22/2018,6226,4251,3595,656
3/23/2018,4364,2994,2457,537
3/24/2018,2882,2021,1682,339
3/25/2018,4010,2748,2263,485
3/26/2018,6084,3995,3289,706
3/27/2018,5874,4147,3446,701
3/28/2018,5719,3917,3288,629
3/29/2018,5003,3396,2812,584
3/30/2018,3605,2541,2062,479
3/31/2018,2811,1901,1512,389
4/1/2018,3567,2438,1956,482
4/2/2018,5237,3542,2875,667
4/3/2018,6154,4126,3438,688
4/4/2018,5895,4112,3418,694
4/5/2018,5858,3943,3232,711
4/6/2018,5034,3348,2749,599
4/7/2018,3613,2291,1840,451
4/8/2018,4389,3059,2530,529
4/9/2018,6278,4290,3546,744
4/10/2018,6836,4514,3747,767
4/11/2018,6731,4596,3759,837
4/12/2018,6287,4332,3563,769
4/13/2018,5089,3454,2850,604
4/14/2018,3812,2542,2094,448
4/15/2018,5290,3538,2914,624
4/16/2018,7161,4993,4188,805
4/17/2018,7352,4939,4058,881
4/18/2018,7218,4842,4001,841
4/19/2018,7040,4672,3895,777
4/20/2018,5367,3728,3029,699
4/21/2018,4021,2749,2253,496
4/22/2018,5397,3722,3059,663
4/23/2018,7605,5124,4216,908
4/24/2018,7614,5094,4181,913
4/25/2018,7984,5541,4616,925
4/26/2018,7040,4823,3957,866
4/27/2018,5628,3749,3095,654
4/28/2018,3926,2618,2141,477
4/29/2018,5479,3635,3057,578
4/30/2018,6670,4584,3784,800
5/1/2018,6783,4542,3742,800
5/2/2018,7105,4865,4013,852
5/3/2018,6877,4702,3854,848
5/4/2018,5460,3711,3039,672
5/5/2018,3648,2568,2058,510
5/6/2018,4917,3311,2737,574
5/7/2018,6980,4654,3881,773
5/8/2018,6702,4577,3700,877
5/9/2018,6699,4488,3581,907
5/10/2018,6001,4059,3265,794
5/11/2018,5094,3454,2766,688
5/12/2018,3179,2237,1821,416
5/13/2018,4169,2912,2413,499
5/14/2018,6392,4388,3637,751
5/15/2018,5878,4094,3384,710
5/16/2018,5800,3976,3266,710
5/17/2018,5690,4023,3254,769
5/18/2018,4314,2986,2400,586
5/19/2018,2948,2117,1735,382
5/20/2018,3864,2674,2155,519
5/21/2018,5499,3708,3005,703
5/22/2018,5790,4040,3269,771
5/23/2018,5720,3971,3206,765
5/24/2018,5692,3675,2965,710
5/25/2018,4082,2803,2188,615
5/26/2018,2716,1965,1597,368
5/27/2018,3430,2374,1887,487
5/28/2018,4353,2994,2392,602
5/29/2018,5525,3777,3112,665
5/30/2018,5407,3574,2908,666
5/31/2018,4994,3485,2792,693
6/1/2018,3835,2681,2172,509
6/2/2018,2511,1750,1423,327
6/3/2018,3371,2308,1891,417
6/4/2018,5226,3399,2741,658
6/5/2018,5139,3453,2811,642
6/6/2018,5051,3474,2828,646
6/7/2018,4787,3283,2685,598
6/8/2018,3956,2670,2107,563
6/9/2018,2303,1589,1278,311
6/10/2018,3011,2091,1717,374
6/11/2018,4896,3326,2714,612
6/12/2018,4952,3309,2624,685
6/13/2018,4570,3099,2439,660
6/14/2018,4542,2962,2377,585
6/15/2018,3383,2320,1847,473
6/16/2018,1922,1316,1061,255
6/17/2018,2404,1677,1361,316
6/18/2018,4576,2964,2313,651
6/19/2018,4727,3144,2519,625
6/20/2018,4639,2989,2370,619
6/21/2018,4108,2762,2154,608
6/22/2018,3372,2207,1744,463
6/23/2018,1996,1277,989,288
6/24/2018,2415,1619,1266,353
6/25/2018,4457,2881,2272,609
6/26/2018,4736,3039,2410,629
6/27/2018,4245,2818,2244,574
6/28/2018,4081,2785,2160,625
6/29/2018,3053,2008,1568,440
6/30/2018,1741,1147,927,220
7/1/2018,2186,1447,1140,307
7/2/2018,4026,2533,1952,581
7/3/2018,3961,2515,1966,549
7/4/2018,3019,2032,1595,437
7/5/2018,3743,2496,1997,499
7/6/2018,3050,1995,1575,420
7/7/2018,1688,1080,857,223
7/8/2018,2185,1440,1145,295
7/9/2018,4104,2576,2016,560
7/10/2018,4097,2694,2059,635
7/11/2018,3844,2506,1895,611
7/12/2018,3743,2530,2001,529
7/13/2018,3073,2068,1581,487
7/14/2018,1852,1249,992,257
7/15/2018,2105,1474,1173,301
7/16/2018,4078,2657,2095,562
7/17/2018,4515,2856,2255,601
7/18/2018,4276,2779,2173,606
7/19/2018,4043,2705,2114,591
7/20/2018,3004,2028,1576,452
7/21/2018,1664,1177,942,235
7/22/2018,2248,1561,1246,315
7/23/2018,4062,2658,2081,577
7/24/2018,4053,2680,2091,589
7/25/2018,3628,2431,1879,552
7/26/2018,3596,2415,1925,490
7/27/2018,3140,2002,1539,463
7/28/2018,1938,1304,1054,250
7/29/2018,2460,1699,1364,335
7/30/2018,4175,2771,2166,605
7/31/2018,4113,2881,2310,571
8/1/2018,4273,2901,2310,591
8/2/2018,4194,2754,2202,552
8/3/2018,3405,2345,1833,512
8/4/2018,1800,1251,1025,226
8/5/2018,2378,1694,1388,306
8/6/2018,4319,2856,2233,623
8/7/2018,4388,2971,2375,596
8/8/2018,4205,2724,2118,606
8/9/2018,3973,2555,1998,557
8/10/2018,3510,2224,1777,447
8/11/2018,1913,1281,1012,269
8/12/2018,2397,1644,1284,360
8/13/2018,4348,2789,2224,565
8/14/2018,3966,2688,2127,561
8/15/2018,3805,2544,2035,509
8/16/2018,3866,2604,2074,530
8/17/2018,3489,2219,1737,482
8/18/2018,2074,1394,1108,286
8/19/2018,2519,1687,1318,369
8/20/2018,4202,2734,2128,606
8/21/2018,4023,2711,2147,564
8/22/2018,4048,2685,2121,564
8/23/2018,4150,2860,2249,611
8/24/2018,3154,2199,1742,457
8/25/2018,2143,1317,1012,305
8/26/2018,2576,1705,1372,333
8/27/2018,4317,2954,2367,587
8/28/2018,4421,3023,2427,596
8/29/2018,4563,3019,2395,624
8/30/2018,4055,2798,2265,533
8/31/2018,3427,2305,1815,490
9/1/2018,1731,1241,989,252
9/2/2018,2258,1641,1293,348
9/3/2018,3655,2499,2032,467
9/4/2018,4456,2995,2435,560
9/5/2018,4566,3042,2456,586
9/6/2018,4314,3049,2508,541
9/7/2018,3557,2349,1890,459
9/8/2018,2281,1548,1255,293
9/9/2018,3346,2255,1906,349
9/10/2018,4711,3200,2600,600
9/11/2018,4709,3134,2595,539
9/12/2018,4379,3032,2464,568
9/13/2018,4357,2870,2325,545
9/14/2018,3560,2396,1907,489
9/15/2018,2049,1488,1244,244
9/16/2018,2813,1934,1614,320
9/17/2018,5064,3241,2621,620
9/18/2018,5006,3221,2595,626
9/19/2018,4949,3282,2708,574
9/20/2018,4695,3165,2573,592
9/21/2018,3516,2383,1933,450
9/22/2018,2460,1704,1374,330
9/23/2018,2994,2127,1733,394
9/24/2018,4688,3273,2679,594
9/25/2018,4924,3481,2885,596
9/26/2018,5209,3546,2936,610
9/27/2018,5966,4029,3385,644
9/28/2018,4740,3171,2643,528
9/29/2018,2715,1870,1618,252
9/30/2018,3739,2573,2194,379
10/1/2018,5841,3982,3331,651
10/2/2018,5881,4096,3514,582
10/3/2018,5540,3863,3249,614
10/4/2018,5636,3894,3306,588
10/5/2018,4479,3120,2638,482
10/6/2018,3076,2094,1750,344
10/7/2018,3973,2865,2457,408
10/8/2018,6045,4310,3659,651
10/9/2018,6126,4173,3522,651
10/10/2018,6084,4319,3616,703
10/11/2018,6154,4254,3632,622
10/12/2018,4868,3385,2784,601
10/13/2018,3409,2379,2006,373
10/14/2018,4722,3357,2859,498
10/15/2018,6555,4550,3766,784
10/16/2018,7079,4652,3893,759
10/17/2018,6691,4673,3893,780
10/18/2018,6522,4398,3666,732
10/19/2018,4922,3390,2857,533
10/20/2018,3409,2399,1990,409
10/21/2018,4483,3092,2623,469
10/22/2018,6666,4499,3769,730
10/23/2018,6991,4677,3916,761
10/24/2018,6871,4619,3808,811
10/25/2018,6357,4331,3579,752
10/26/2018,5114,3468,2827,641
10/27/2018,3456,2400,2006,394
10/28/2018,4924,3251,2735,516
10/29/2018,6837,4704,3890,814
10/30/2018,6481,4547,3798,749
10/31/2018,6296,4316,3545,771
11/1/2018,6044,3988,3299,689
11/2/2018,4860,3326,2738,588
11/3/2018,3430,2289,1946,343
11/4/2018,4638,3236,2744,492
11/5/2018,6365,4329,3609,720
11/6/2018,6330,4291,3556,735
11/7/2018,5865,3937,3267,670
11/8/2018,5692,3938,3298,640
11/9/2018,5026,3533,2917,616
11/10/2018,3506,2428,2018,410
11/11/2018,4778,3265,2709,556
11/12/2018,6684,4592,3795,797
11/13/2018,6766,4720,3918,802
11/14/2018,6916,4674,3872,802
11/15/2018,6440,4379,3634,745
11/16/2018,5066,3497,2863,634
11/17/2018,3503,2489,2043,446
11/18/2018,4855,3321,2691,630
11/19/2018,6818,4601,3795,806
11/20/2018,6239,4424,3640,784
11/21/2018,5471,3904,3194,710
11/22/2018,4453,3186,2592,594
11/23/2018,4062,2892,2347,545
11/24/2018,3485,2445,1987,458
11/25/2018,4906,3371,2815,556
11/26/2018,7099,4871,4012,859
11/27/2018,7503,5181,4267,914
11/28/2018,7554,5227,4330,897
11/29/2018,7169,4944,4106,838
11/30/2018,5608,3895,3211,684
12/1/2018,4055,2800,2306,494
12/2/2018,5611,3906,3259,647
12/3/2018,7650,5378,4431,947
12/4/2018,7372,5225,4328,897
12/5/2018,7369,5166,4316,850
12/6/2018,7250,5093,4213,880
12/7/2018,5735,4032,3296,736
12/8/2018,4614,3240,2699,541
12/9/2018,5979,4062,3352,710
12/10/2018,7840,5421,4465,956
12/11/2018,7659,5267,4330,937
12/12/2018,7319,4983,4010,973
12/13/2018,6373,4452,3620,832
12/14/2018,4897,3404,2776,628
12/15/2018,3325,2209,1833,376
12/16/2018,3874,2671,2206,465
12/17/2018,5436,3791,3062,729
12/18/2018,5174,3562,2945,617
12/19/2018,4873,3255,2632,623
12/20/2018,3913,2716,2164,552
12/21/2018,2934,1979,1543,436
12/22/2018,1523,1074,846,228
12/23/2018,1859,1223,997,226
12/24/2018,1835,1310,1019,291
12/25/2018,1852,1214,955,259
12/26/2018,2357,1594,1243,351
12/27/2018,2583,1783,1418,365
12/28/2018,2477,1613,1279,334
12/29/2018,1694,1197,990,207
12/30/2018,1985,1340,1097,243
12/31/2018,1723,1159,874,285
1/1/2019,1715,1168,891,277
1/2/2019,3431,2361,1899,462
1/3/2019,4118,2793,2259,534
1/4/2019,3504,2373,1936,437
1/5/2019,2308,1609,1348,261
1/6/2019,2925,2046,1648,398
1/7/2019,4587,3100,2550,550
1/8/2019,4731,3182,2585,597
1/9/2019,4831,3245,2660,585
1/10/2019,4162,2836,2298,538
1/11/2019,3726,2476,1999,477
1/12/2019,2458,1722,1413,309
1/13/2019,3266,2264,1878,386
1/14/2019,5016,3348,2760,588
1/15/2019,4732,3320,2738,582
1/16/2019,4938,3447,2845,602
1/17/2019,5033,3516,2967,549
1/18/2019,4114,2731,2236,495
1/19/2019,2780,1929,1599,330
1/20/2019,4205,2367,1974,393
1/21/2019,4983,3391,2783,608
1/22/2019,5182,3674,3052,622
1/23/2019,5316,3856,3199,657
1/24/2019,5021,3462,2853,609
1/25/2019,4230,2882,2382,500
1/26/2019,2743,1882,1541,341
1/27/2019,3890,2622,2232,390
1/28/2019,5575,3925,3232,693
1/29/2019,5732,3866,3260,606
1/30/2019,5402,3759,3134,625
1/31/2019,5069,3597,2984,613
2/1/2019,4222,2923,2364,559
2/2/2019,2864,1902,1596,306
2/3/2019,3598,2447,2044,403
2/4/2019,5366,3767,3146,621
2/5/2019,5427,3757,3124,633
2/6/2019,5667,3759,3130,629
2/7/2019,5517,3763,3069,694
2/8/2019,4420,2943,2429,514
2/9/2019,3150,2274,1911,363
2/10/2019,4264,2962,2470,492
2/11/2019,6569,4276,3566,710
2/12/2019,6145,4092,3391,701
2/13/2019,5743,3932,3236,696
2/14/2019,5512,3762,3075,687
2/15/2019,4127,2952,2377,575
2/16/2019,3309,2195,1809,386
2/17/2019,3761,2669,2217,452
2/18/2019,5592,3912,3226,686
2/19/2019,6100,4322,3575,747
2/20/2019,6208,4265,3543,722
2/21/2019,5730,4071,3352,719
2/22/2019,4372,3073,2508,565
2/23/2019,3378,2259,1871,388
2/24/2019,4367,3012,2524,488
2/25/2019,6318,4424,3678,746
2/26/2019,6431,4304,3530,774
2/27/2019,5919,4205,3442,763
2/28/2019,5668,3966,3266,700
3/1/2019,4581,3178,2594,584
3/2/2019,3383,2263,1878,385
3/3/2019,4311,3005,2476,529
3/4/2019,6357,4214,3443,771
3/5/2019,6092,4092,3343,749
3/6/2019,5772,4070,3340,730
3/7/2019,5861,4064,3330,734
3/8/2019,4600,3147,2590,557
3/9/2019,3390,2218,1849,369
3/10/2019,4099,2898,2397,501
3/11/2019,6240,4320,3599,721
3/12/2019,5871,4127,3375,752
3/13/2019,6381,4506,3726,780
3/14/2019,5853,4043,3328,715
3/15/2019,4425,3116,2499,617
3/16/2019,2961,2099,1685,414
3/17/2019,4008,2744,2258,486
3/18/2019,5830,4040,3319,721
3/19/2019,6089,4164,3448,716
3/20/2019,5800,3946,3192,754
3/21/2019,5431,3761,3100,661
3/22/2019,4560,3071,2543,528
3/23/2019,3256,2254,1859,395
3/24/2019,4156,2858,2386,472
3/25/2019,6060,4232,3469,763
3/26/2019,6191,4344,3578,766
3/27/2019,6678,4612,3842,770
3/28/2019,6167,4086,3361,725
3/29/2019,4441,3147,2601,546
3/30/2019,3243,2325,1949,376
3/31/2019,4260,3039,2543,496
4/1/2019,6078,4238,3550,688
4/2/2019,6824,4656,3833,823
4/3/2019,6621,4727,3942,785
4/4/2019,6231,4343,3647,696
4/5/2019,4776,3346,2719,627
4/6/2019,3148,2319,1924,395
4/7/2019,4357,3050,2511,539
4/8/2019,6794,4738,3960,778
4/9/2019,6688,4505,3736,769
4/10/2019,6570,4448,3646,802
4/11/2019,6113,4264,3504,760
4/12/2019,4856,3336,2726,610
4/13/2019,3401,2409,2011,398
4/14/2019,4551,3197,2600,597
4/15/2019,6614,4773,3967,806
4/16/2019,7019,4837,4037,800
4/17/2019,6643,4470,3681,789
4/18/2019,5398,3825,3133,692
4/19/2019,4323,2981,2482,499
4/20/2019,3546,2442,2020,422
4/21/2019,4312,3045,2534,511
4/22/2019,6363,4520,3729,791
4/23/2019,6797,4968,4147,821
4/24/2019,7144,5002,4136,866
4/25/2019,6555,4621,3804,817
4/26/2019,5400,3780,3089,691
4/27/2019,3710,2465,2038,427
4/28/2019,4788,3294,2728,566
4/29/2019,6232,4340,3578,762
4/30/2019,6093,4264,3440,824
5/1/2019,6117,4275,3556,719
5/2/2019,6274,4153,3433,720
5/3/2019,4774,3370,2763,607
5/4/2019,3437,2462,1999,463
5/5/2019,4330,3009,2457,552
5/6/2019,5902,4164,3402,762
5/7/2019,6064,4258,3469,789
5/8/2019,5709,4049,3310,739
5/9/2019,5596,3944,3275,669
5/10/2019,4498,3144,2494,650
5/11/2019,3258,2119,1702,417
5/12/2019,3571,2565,2070,495
5/13/2019,5677,3908,3136,772
5/14/2019,5534,3669,2977,692
5/15/2019,5391,3667,2989,678
5/16/2019,5043,3577,2953,624
5/17/2019,3993,2795,2254,541
5/18/2019,2565,1876,1545,331
5/19/2019,3369,2364,1954,410
5/20/2019,4993,3442,2806,636
5/21/2019,4728,3406,2813,593
5/22/2019,4963,3431,2772,659
5/23/2019,4637,3243,2698,545
5/24/2019,3694,2559,2070,489
5/25/2019,2460,1658,1347,311
5/26/2019,3006,2064,1693,371
5/27/2019,3992,2780,2271,509
5/28/2019,4960,3403,2767,636
5/29/2019,4376,3115,2562,553
5/30/2019,4143,2896,2353,543
5/31/2019,3359,2363,1909,454
6/1/2019,2218,1474,1221,253
6/2/2019,2768,1845,1516,329
6/3/2019,3967,2831,2295,536
6/4/2019,4501,3008,2426,582
6/5/2019,3973,2727,2233,494
6/6/2019,4259,2871,2312,559
6/7/2019,3181,2313,1869,444
6/8/2019,2170,1583,1324,259
6/9/2019,2810,1930,1586,344
6/10/2019,4420,3030,2463,567
6/11/2019,4793,3258,2664,594
6/12/2019,4410,3064,2479,585
6/13/2019,4076,2844,2280,564
6/14/2019,3287,2265,1789,476
6/15/2019,2176,1467,1201,266
6/16/2019,2516,1747,1419,328
6/17/2019,4142,2925,2398,527
6/18/2019,4225,3013,2461,552
6/19/2019,4162,2882,2351,531
6/20/2019,3716,2615,2137,478
6/21/2019,3333,2275,1853,422
6/22/2019,1918,1360,1118,242
6/23/2019,2344,1621,1317,304
6/24/2019,3691,2591,2149,442
6/25/2019,4035,2770,2247,523
6/26/2019,3939,2675,2186,489
6/27/2019,3738,2671,2197,474
6/28/2019,2846,2021,1657,364
6/29/2019,1733,1199,983,216
6/30/2019,2184,1494,1240,254
7/1/2019,3512,2485,2001,484
7/2/2019,3675,2636,2163,473
7/3/2019,3831,2579,2144,435
7/4/2019,2801,1971,1648,323
7/5/2019,2552,1790,1446,344
7/6/2019,1950,1291,1110,181
7/7/2019,2110,1477,1209,268
7/8/2019,4303,2903,2383,520
7/9/2019,3883,2799,2335,464
7/10/2019,4244,2907,2347,560
7/11/2019,3765,2669,2150,519
7/12/2019,3286,2276,1816,460
7/13/2019,1851,1305,1063,242
7/14/2019,2580,1754,1433,321
7/15/2019,4140,2911,2382,529
7/16/2019,4076,2785,2285,500
7/17/2019,4141,2900,2360,540
7/18/2019,3898,2774,2249,525
7/19/2019,3027,2078,1641,437
7/20/2019,1831,1271,1033,238
7/21/2019,2282,1617,1356,261
7/22/2019,4138,2890,2376,514
7/23/2019,4049,2868,2344,524
7/24/2019,4272,2963,2359,604
7/25/2019,4089,2755,2210,545
7/26/2019,3277,2264,1842,422
7/27/2019,1954,1308,1069,239
7/28/2019,2111,1509,1239,270
7/29/2019,3625,2539,2053,486
7/30/2019,4415,2906,2386,520
7/31/2019,3854,2743,2260,483
8/1/2019,4114,2771,2262,509
8/2/2019,3492,2280,1874,406
8/3/2019,1849,1312,1096,216
8/4/2019,2239,1630,1347,283
8/5/2019,3976,2664,2191,473
8/6/2019,4061,2833,2284,549
8/7/2019,3702,2675,2215,460
8/8/2019,3622,2553,2112,441
8/9/2019,3039,2033,1660,373
8/10/2019,1848,1265,1049,216
8/11/2019,2082,1502,1242,260
8/12/2019,3807,2574,2121,453
8/13/2019,3993,2667,2215,452
8/14/2019,3567,2517,2087,430
8/15/2019,3484,2450,2046,404
8/16/2019,2994,2022,1663,359
8/17/2019,1793,1276,1074,202
8/18/2019,2422,1721,1477,244
8/19/2019,4070,2847,2371,476
8/20/2019,3987,2800,2293,507
8/21/2019,3355,2407,1963,444
8/22/2019,2925,1959,1627,332
8/23/2019,3010,2143,1769,374
8/24/2019,1896,1380,1151,229
8/25/2019,2501,1791,1497,294
8/26/2019,3851,2714,2257,457
8/27/2019,4403,3075,2622,453
8/28/2019,4627,3125,2623,502
8/29/2019,4221,2982,2477,505
8/30/2019,3025,2102,1727,375
8/31/2019,1998,1386,1179,207
9/1/2019,2297,1645,1414,231
9/2/2019,3192,2272,1910,362
9/3/2019,4087,2921,2434,487
9/4/2019,4787,3348,2842,506
9/5/2019,4483,3078,2570,508
9/6/2019,3571,2483,2095,388
9/7/2019,2263,1566,1343,223
9/8/2019,2948,2118,1827,291
9/9/2019,4521,3287,2785,502
9/10/2019,4563,3251,2758,493
9/11/2019,4598,3365,2901,464
9/12/2019,4603,3356,2868,488
9/13/2019,3349,2508,2121,387
9/14/2019,2437,1716,1451,265
9/15/2019,3188,2367,2082,285
9/16/2019,5291,3839,3280,559
9/17/2019,5477,3815,3273,542
9/18/2019,5257,3726,3222,504
9/19/2019,5000,3500,3028,472
9/20/2019,3890,2822,2407,415
9/21/2019,2654,1994,1739,255
9/22/2019,3656,2640,2328,312
9/23/2019,5223,3804,3291,513
9/24/2019,5276,3826,3287,539
9/25/2019,5476,3838,3306,532
9/26/2019,5196,3718,3208,510
9/27/2019,4052,2863,2448,415
9/28/2019,2635,1945,1696,249
9/29/2019,4076,2895,2541,354
9/30/2019,5167,3754,3216,538
10/1/2019,4972,3634,3082,552
10/2/2019,5143,3683,3209,474
10/3/2019,4753,3454,2941,513
10/4/2019,3795,2854,2440,414
10/5/2019,2920,2118,1827,291
10/6/2019,3950,2850,2471,379
10/7/2019,5493,3929,3432,497
10/8/2019,5652,4186,3705,481
10/9/2019,5617,3936,3388,548
10/10/2019,5234,3802,3261,541
10/11/2019,4118,3147,2674,473
10/12/2019,2863,2111,1803,308
10/13/2019,4032,3013,2645,368
10/14/2019,5476,4022,3466,556
10/15/2019,5542,4117,3572,545
10/16/2019,5340,3966,3403,563
10/17/2019,5388,3905,3333,572
10/18/2019,4309,3097,2675,422
10/19/2019,3117,2223,1897,326
10/20/2019,4234,3081,2679,402
10/21/2019,5698,4144,3507,637
10/22/2019,5721,4132,3536,596
10/23/2019,6018,4446,3823,623
10/24/2019,5563,3995,3397,598
10/25/2019,4159,2961,2461,500
10/26/2019,2732,2057,1753,304
10/27/2019,3901,2854,2460,394
10/28/2019,5749,4120,3529,591
10/29/2019,5821,4140,3576,564
10/30/2019,5647,4059,3452,607
10/31/2019,5219,3689,3180,509
11/1/2019,4054,3010,2604,406
11/2/2019,2815,2170,1889,281
11/3/2019,4253,3063,2603,460
11/4/2019,5816,4184,3640,544
11/5/2019,5843,4176,3549,627
11/6/2019,6058,4351,3672,679
11/7/2019,6291,4489,3810,679
11/8/2019,4604,3357,2839,518
11/9/2019,3354,2337,2000,337
11/10/2019,4190,3075,2634,441
11/11/2019,5931,4194,3573,621
11/12/2019,6443,4589,3877,712
11/13/2019,5805,4275,3572,703
11/14/2019,5753,4172,3569,603
11/15/2019,4709,3452,2927,525
11/16/2019,3418,2506,2136,370
11/17/2019,4821,3387,2872,515
11/18/2019,6444,4699,3985,714
11/19/2019,6607,4772,4119,653
11/20/2019,6726,4781,4115,666
11/21/2019,6334,4462,3840,622
11/22/2019,4575,3214,2724,490
11/23/2019,3414,2474,2118,356
11/24/2019,4535,3242,2787,455
11/25/2019,5970,4467,3836,631
11/26/2019,5630,4115,3522,593
11/27/2019,5384,3823,3225,598
11/28/2019,4201,3223,2747,476
11/29/2019,3799,2947,2504,443
11/30/2019,3301,2443,2053,390
12/1/2019,4420,3308,2849,459
12/2/2019,6384,4674,4031,643
12/3/2019,6964,4975,4285,690
12/4/2019,6957,4959,4252,707
12/5/2019,6350,4671,3989,682
12/6/2019,5324,3796,3258,538
12/7/2019,3795,2760,2362,398
12/8/2019,5013,3636,3159,477
12/9/2019,7005,5250,4569,681
12/10/2019,6606,4791,4131,660
12/11/2019,6686,4902,4240,662
12/12/2019,6163,4533,3871,662
12/13/2019,4581,3272,2801,471
12/14/2019,2930,2240,1958,282
12/15/2019,3585,2672,2280,392
12/16/2019,4925,3653,3128,525
12/17/2019,4743,3441,2895,546
12/18/2019,4716,3390,2918,472
12/19/2019,3793,2821,2381,440
12/20/2019,2688,1906,1583,323
12/21/2019,1682,1177,1020,157
12/22/2019,1880,1411,1190,221
12/23/2019,2451,1738,1442,296
12/24/2019,1644,1197,977,220
12/25/2019,1483,1027,851,176
12/26/2019,1864,1355,1102,253
12/27/2019,1927,1319,1109,210
12/28/2019,1679,1219,1019,200
12/29/2019,1962,1299,1111,188
12/30/2019,2469,1762,1479,283
12/31/2019,1750,1192,1005,187
1/1/2020,1554,1105,870,235
1/2/2020,2820,2083,1754,329
1/3/2020,2970,2180,1859,321
1/4/2020,2111,1526,1300,226
1/5/2020,2393,1788,1514,274
1/6/2020,3704,2770,2341,429
1/7/2020,3760,2915,2492,423
1/8/2020,3698,2844,2402,442
1/9/2020,4243,3374,2910,464
1/10/2020,3177,2415,2043,372
1/11/2020,2361,1834,1581,253
1/12/2020,2762,2238,1961,277
1/13/2020,4298,3242,2727,515
1/14/2020,3838,2884,2450,434
1/15/2020,3754,2864,2470,394
1/16/2020,3817,2951,2510,441
1/17/2020,3175,2419,2006,413
1/18/2020,2336,1927,1681,246
1/19/2020,2597,2031,1717,314
1/20/2020,3715,2948,2505,443
1/21/2020,4459,3501,3017,484
1/22/2020,4483,3552,3079,473
1/23/2020,4225,3295,2805,490
1/24/2020,3111,2484,2131,353
1/25/2020,2353,1784,1535,249
1/26/2020,3198,2520,2213,307
1/27/2020,4432,3539,3058,481
1/28/2020,4664,3654,3148,506
1/29/2020,4471,3544,3025,519
1/30/2020,4486,3499,3031,468
1/31/2020,3527,2704,2304,400
2/1/2020,2514,1995,1728,267
2/2/2020,2993,2409,2106,303
2/3/2020,4728,3694,3174,520
2/4/2020,4883,3982,3472,510
2/5/2020,5071,4061,3528,533
2/6/2020,4638,3715,3217,498
2/7/2020,3757,2942,2512,430
2/8/2020,2761,2193,1890,303
2/9/2020,3423,2849,2498,351
2/10/2020,5066,4016,3464,552
2/11/2020,4928,4045,3499,546
2/12/2020,4996,4019,3497,522
2/13/2020,5004,3823,3188,635
2/14/2020,3675,2949,2529,420
2/15/2020,2556,2024,1757,267
2/16/2020,3732,2808,2361,447
2/17/2020,4958,3951,3382,569
2/18/2020,4869,3806,3273,533
2/19/2020,5224,4042,3495,547
2/20/2020,4890,3748,3212,536
2/21/2020,3678,2914,2528,386
2/22/2020,2456,2025,1759,266
2/23/2020,3444,2708,2387,321
2/24/2020,5000,3974,3390,584
2/25/2020,5496,4210,3601,609
2/26/2020,5059,4014,3468,546
2/27/2020,4813,3759,3247,512
2/28/2020,3810,3052,2569,483
2/29/2020,2682,2169,1858,311
3/1/2020,3332,2754,2379,375
3/2/2020,4872,3801,3264,537
3/3/2020,5097,3956,3452,504
3/4/2020,4714,3591,3118,473
3/5/2020,5048,3994,3428,566
3/6/2020,3698,2843,2386,457
3/7/2020,2670,2095,1798,297
3/8/2020,3416,2743,2362,381
3/9/2020,4731,3830,3269,561
3/10/2020,4820,3718,3169,549
3/11/2020,4813,3711,3182,529
3/12/2020,4393,3508,2952,556
3/13/2020,3316,2613,2172,441
3/14/2020,2416,1888,1569,319
3/15/2020,2934,2251,1937,314
3/16/2020,2732,2157,1809,348
3/17/2020,3805,3007,2525,482
3/18/2020,3748,2976,2508,468
3/19/2020,3678,2883,2471,412
3/20/2020,3322,2647,2239,408
3/21/2020,2701,2049,1749,300
3/22/2020,3263,2469,2120,349
3/23/2020,4105,3166,2690,476
3/24/2020,4156,3247,2766,481
3/25/2020,4153,3367,2878,489
3/26/2020,4256,3394,2944,450
3/27/2020,3818,3002,2588,414
3/28/2020,3045,2438,2103,335
3/29/2020,4079,3047,2603,444
3/30/2020,4899,3852,3280,572
3/31/2020,4943,3822,3310,512
4/1/2020,4907,3799,3317,482
4/2/2020,4933,3838,3305,533
4/3/2020,4665,3498,2975,523
4/4/2020,3366,2536,2175,361
4/5/2020,3976,3045,2644,401
4/6/2020,4981,3921,3351,570
4/7/2020,5331,4144,3552,592
4/8/2020,5331,4203,3656,547
4/9/2020,5063,3982,3426,556
4/10/2020,4252,3354,2869,485
4/11/2020,3656,2712,2279,433
4/12/2020,4152,3125,2666,459
4/13/2020,5089,3922,3379,543
4/14/2020,5491,4314,3721,593
4/15/2020,5665,4424,3754,670
4/16/2020,5423,4203,3592,611
4/17/2020,4688,3682,3146,536
4/18/2020,4055,3007,2521,486
4/19/2020,4830,3671,3057,614
4/20/2020,5908,4517,3869,648
4/21/2020,5633,4377,3722,655
4/22/2020,5786,4520,3856,664
4/23/2020,5967,4758,4074,684
4/24/2020,4937,3879,3319,560
4/25/2020,4327,3284,2814,470
4/26/2020,5086,3964,3393,571
4/27/2020,6038,4771,4054,717
4/28/2020,6324,4920,4210,710
4/29/2020,6062,4735,4006,729
4/30/2020,5520,4375,3776,599
5/1/2020,4670,3621,3068,553
5/2/2020,4171,3145,2683,462
5/3/2020,4716,3648,3067,581
5/4/2020,5939,4567,3882,685
5/5/2020,6361,4900,4169,731
5/6/2020,6659,5322,4580,742
5/7/2020,6264,4857,4067,790
5/8/2020,5359,4202,3592,610
5/9/2020,4593,3452,2932,520
5/10/2020,5092,3917,3338,579
5/11/2020,6563,5112,4278,834
5/12/2020,6124,4775,4028,747
5/13/2020,5817,4596,3886,710
5/14/2020,6057,4583,3937,646
5/15/2020,4958,3829,3183,646
5/16/2020,3651,2827,2384,443
5/17/2020,4248,3291,2737,554
5/18/2020,5624,4231,3588,643
5/19/2020,5595,4300,3666,634
5/20/2020,5213,4106,3466,640
5/21/2020,5156,3990,3372,618
5/22/2020,4350,3343,2816,527
5/23/2020,3446,2696,2291,405
5/24/2020,3945,2969,2479,490
5/25/2020,4639,3610,3054,556
5/26/2020,5224,4069,3416,653
5/27/2020,5242,4105,3474,631
5/28/2020,4939,3966,3371,595
5/29/2020,4387,3486,2949,537
5/30/2020,3327,2583,2189,394
5/31/2020,3692,2919,2482,437
6/1/2020,4734,3707,3133,574
6/2/2020,4727,3690,3057,633
6/3/2020,4994,3869,3239,630
6/4/2020,4767,3733,3156,577
6/5/2020,4124,3247,2778,469
6/6/2020,3230,2425,2045,380
6/7/2020,3906,3049,2574,475
6/8/2020,4895,3787,3188,599
6/9/2020,4871,3644,3050,594
6/10/2020,4989,3857,3269,588
6/11/2020,4633,3560,3015,545
6/12/2020,4475,3292,2757,535
6/13/2020,2967,2304,1942,362
6/14/2020,3507,2684,2282,402
6/15/2020,4337,3348,2794,554
6/16/2020,4470,3461,2964,497
6/17/2020,4439,3450,2898,552
6/18/2020,4895,3677,3132,545
6/19/2020,3924,2911,2459,452
6/20/2020,2827,2190,1851,339
6/21/2020,3481,2668,2256,412
6/22/2020,4627,3493,2935,558
6/23/2020,4561,3493,2950,543
6/24/2020,4626,3521,2982,539
6/25/2020,4137,3215,2668,547
6/26/2020,3555,2675,2248,427
6/27/2020,2671,1999,1680,319
6/28/2020,3486,2635,2233,402
6/29/2020,4000,3119,2616,503
6/30/2020,3828,3013,2553,460
7/1/2020,3935,3049,2599,450
7/2/2020,3633,2881,2397,484
7/3/2020,2997,2286,1932,354
7/4/2020,2194,1704,1420,284
7/5/2020,2948,2198,1836,362
7/6/2020,4049,3215,2724,491
7/7/2020,3792,2998,2485,513
7/8/2020,4029,3096,2613,483
7/9/2020,3945,3039,2587,452
7/10/2020,3523,2620,2173,447
7/11/2020,2646,1981,1665,316
7/12/2020,3454,2611,2213,398
7/13/2020,3703,2916,2459,457
7/14/2020,3680,2853,2397,456
7/15/2020,3479,2627,2196,431
7/16/2020,3756,2916,2463,453
7/17/2020,3289,2557,2122,435
7/18/2020,2416,1892,1606,286
7/19/2020,2793,2197,1892,305
7/20/2020,3749,2881,2428,453
7/21/2020,3786,2889,2450,439
7/22/2020,4002,3039,2566,473
7/23/2020,3823,3033,2525,508
7/24/2020,3430,2623,2262,361
7/25/2020,2400,1767,1487,280
7/26/2020,2835,2207,1869,338
7/27/2020,4001,3031,2523,508
7/28/2020,3795,2969,2525,444
7/29/2020,3903,3010,2591,419
7/30/2020,3397,2687,2265,422
7/31/2020,3005,2317,1887,430
8/1/2020,2305,1750,1479,271
8/2/2020,2696,1993,1701,292
8/3/2020,3866,2814,2368,446
8/4/2020,3826,2845,2400,445
8/5/2020,3673,2774,2334,440
8/6/2020,3660,2625,2189,436
8/7/2020,3136,2364,1941,423
8/8/2020,2223,1628,1354,274
8/9/2020,2623,1941,1644,297
8/10/2020,3638,2745,2325,420
8/11/2020,3740,2742,2258,484
8/12/2020,3767,2904,2477,427
8/13/2020,3621,2780,2322,458
8/14/2020,2971,2308,1922,386
8/15/2020,2221,1696,1373,323
8/16/2020,2724,2037,1686,351
8/17/2020,3456,2638,2181,457
8/18/2020,3581,2683,2184,499
8/19/2020,2064,1564,1297,267
